[INFO] [1714867091.157488, 0.000000]: Robot control running in Simulation Mode!
[INFO] [1714867091.160275, 0.000000]: Waiting for collision behaviour services...
[INFO] [1714867092.379294, 14.480000]: ArmController: Collision Service Not found. It will not be possible to change collision behaviour of robot!
[INFO] [1714867092.381712, 14.480000]: FrankaControllerManagerInterface: cannot detect controller name under param /controllers_config/trajectory_controller
[INFO] [1714867092.382772, 14.480000]: FrankaControllerManagerInterface: cannot detect controller name under param /controllers_config/impedance_controller
[INFO] [1714867092.587281, 14.546000]: Moveit server does not seem to be running.
[INFO] [1714867092.590115, 14.546000]: ArmController: MoveGroup was not found! This is okay if moveit service is not required!
[INFO] [1714867092.677188, 14.559000]: GripperInterface: Waiting for gripper action servers... 
[INFO] [1714867092.997837, 14.661000]: GripperInterface: Gripper action servers found! 
[INFO] [1714867093.026652, 14.681000]: Robot control running in Simulation Mode!
[INFO] [1714867093.030137, 14.681000]: Waiting for collision behaviour services...
[INFO] [1714867094.334288, 15.037000]: ArmController: Collision Service Not found. It will not be possible to change collision behaviour of robot!
[INFO] [1714867094.448149, 15.057000]: FrankaControllerManagerInterface: cannot detect controller name under param /controllers_config/trajectory_controller
[INFO] [1714867094.463878, 15.063000]: FrankaControllerManagerInterface: cannot detect controller name under param /controllers_config/impedance_controller
[INFO] [1714867094.639325, 15.111000]: Moveit server does not seem to be running.
[INFO] [1714867094.643291, 15.111000]: ArmController: MoveGroup was not found! This is okay if moveit service is not required!
[INFO] [1714867094.689398, 15.125000]: GripperInterface: Waiting for gripper action servers... 
[INFO] [1714867094.689897, 15.125000]: GripperInterface: Gripper action servers found! 
[INFO] [1714867111.261749, 19.490000]: ArmController: Trajectory controlling complete
init 1:  [-0.01779206 -0.76012354  0.01978261 -2.34205014  0.02984053  3.11198986
  0.75344866]
start_position_cfg= [ 0.14737862 -0.02785091  0.17354891 -1.47165929  0.00484856  1.44424577
  1.10687114]

****************
** BLUE TEAM  **
****************

Waiting for start... Press ENTER to begin!
Go!

[INFO] [1714867199.219435, 46.934000]: ArmController: Trajectory controlling complete
static 1:  [ 0.14737862 -0.02785091  0.17354891 -1.47165929  0.00484856  1.44424577
  1.10687114]
camera detection position is: 
 [[ 1.00000000e+00  6.27144814e-07  1.64942092e-05  5.04454546e-01]
 [ 6.27034940e-07 -1.00000000e+00  6.66139219e-06  1.69982833e-01]
 [ 1.64942134e-05 -6.66138185e-06 -1.00000000e+00  5.71453593e-01]
 [ 0.00000000e+00  0.00000000e+00  0.00000000e+00  1.00000000e+00]]
"panda_EE" passed to lookupTransform argument target_frame does not exist. 
H_ee_camera:
 [[ 0.   -1.    0.    0.05]
 [ 1.    0.    0.    0.  ]
 [ 0.    0.    1.   -0.06]
 [ 0.    0.    0.    1.  ]]
====================================================
cube1_static 
 [[ 9.71254185e-01  2.38044758e-01 -4.33619233e-05  5.02656609e-01]
 [ 2.38044758e-01 -9.71254186e-01 -5.86179611e-06  1.12410224e-01]
 [-4.35108194e-05 -4.62878454e-06 -9.99999999e-01  2.25384304e-01]
 [ 0.00000000e+00  0.00000000e+00  0.00000000e+00  1.00000000e+00]]
cube2_static 
 [[ 9.34102612e-01 -3.57004633e-01  4.33609961e-05  5.10959079e-01]
 [ 3.57004633e-01  9.34102613e-01  5.86476554e-06  2.41250193e-01]
 [-4.25973683e-05  1.00017837e-05  9.99999999e-01  2.25383189e-01]
 [ 0.00000000e+00  0.00000000e+00  0.00000000e+00  1.00000000e+00]]
cube3_static 
 [[ 5.96939610e-01  8.02286171e-01 -4.33627670e-05  6.25313699e-01]
 [ 8.02286172e-01 -5.96939610e-01 -5.86242531e-06  1.07770638e-01]
 [-3.05882960e-05 -3.12898344e-05 -9.99999999e-01  2.25379013e-01]
 [ 0.00000000e+00  0.00000000e+00  0.00000000e+00  1.00000000e+00]]
cube4_static 
 [[-9.42955621e-01 -4.33619223e-05  3.32918452e-01  6.22366040e-01]
 [-3.32918452e-01 -5.86179835e-06 -9.42955622e-01  2.43120754e-01]
 [ 4.28398692e-05 -9.99999999e-01 -8.90856835e-06  2.25378347e-01]
 [ 0.00000000e+00  0.00000000e+00  0.00000000e+00  1.00000000e+00]]
The first block is going to be put at
 [[ 1.00000000e+00  6.27144814e-07  1.64942092e-05  5.60000000e-01]
 [ 6.27034940e-07 -1.00000000e+00  6.66139219e-06 -1.80000000e-01]
 [ 1.64942134e-05 -6.66138185e-06 -1.00000000e+00  2.55000000e-01]
 [ 0.00000000e+00  0.00000000e+00  0.00000000e+00  1.00000000e+00]]
--------------------------------
----------New block-------------
--------------------------------
The adjusted position above this block is: 
 [[ 9.71254184e-01  2.38044765e-01  1.44343667e-05  5.02656609e-01]
 [ 2.38044765e-01 -9.71254184e-01  1.03962562e-05  1.12410224e-01]
 [ 1.64942134e-05 -6.66138185e-06 -1.00000000e+00  2.75000000e-01]
 [ 0.00000000e+00  0.00000000e+00  0.00000000e+00  1.00000000e+00]]
[INFO] [1714867228.476010, 54.610000]: ArmController: Trajectory controlling complete
static 2:  [ 0.07825409 -0.09276851  0.13858495 -2.18539319  0.01477738  2.09347819
  0.75391945]
[INFO] [1714867236.116992, 56.995000]: ArmController: Trajectory controlling complete
static 3:  [ 1.13240970e-01  8.48571152e-03  1.06850307e-01 -2.28853223e+00
 -1.20096206e-03  2.29698555e+00  7.65930827e-01]
[INFO] [1714867268.894318, 64.349000]: ArmController: Trajectory controlling complete
static 4:  [ 0.07291775 -0.11042261  0.14256497 -2.15204226  0.01758723  2.04268466
  0.75167695]
Move to target.....
[INFO] [1714867279.113937, 66.750000]: ArmController: Trajectory controlling complete
static 5:  [-0.14587314  0.1041857  -0.17193363 -1.86890578  0.0193371   1.97151264
  0.46096142]
down.....
[INFO] [1714867292.028535, 69.082000]: ArmController: Trajectory controlling complete
static 6:  [-0.13289403  0.19904026 -0.18586264 -2.01142893  0.04544459  2.20664875
  0.44322944]
Up and back to start.....
[INFO] [1714867317.685770, 76.522000]: ArmController: Trajectory controlling complete
static 7:  [-0.14045058  0.14291017 -0.17797128 -1.95023754  0.0290708   2.09075169
  0.45430617]
[INFO] [1714867325.211546, 78.619000]: ArmController: Trajectory controlling complete
static 8:  [ 0.14737862 -0.02785091  0.17354891 -1.47165929  0.00484856  1.44424577
  1.10687114]
--------------------------------
----------New block-------------
--------------------------------
The adjusted position above this block is: 
 [[ 9.34102611e-01  3.57004638e-01  1.30291436e-05  5.10959079e-01]
 [ 3.57004638e-01 -9.34102611e-01  1.21109249e-05  2.41250193e-01]
 [ 1.64942134e-05 -6.66138185e-06 -1.00000000e+00  2.75000000e-01]
 [ 0.00000000e+00  0.00000000e+00  0.00000000e+00  1.00000000e+00]]
[INFO] [1714867333.304342, 81.093000]: ArmController: Trajectory controlling complete
static 2:  [ 0.24518634  0.05597897  0.19927125 -2.00873302 -0.01256562  2.06359054
  0.87043726]
[INFO] [1714867341.742370, 83.495000]: ArmController: Trajectory controlling complete
static 3:  [ 0.28866327  0.1468374   0.15613554 -2.10976643 -0.02934865  2.25464877
  0.88202908]
[INFO] [1714867375.744271, 90.778000]: ArmController: Trajectory controlling complete
static 4:  [ 0.23810702  0.04014943  0.20578906 -1.97565023 -0.00907744  2.01495437
  0.86797429]
Move to target.....
[INFO] [1714867386.126847, 93.209000]: ArmController: Trajectory controlling complete
static 5:  [-0.14925166  0.08384137 -0.16846337 -1.76622065  0.01461438  1.84886597
  0.46425147]
down.....
[INFO] [1714867396.187039, 95.374000]: ArmController: Trajectory controlling complete
static 6:  [-0.14045058  0.14291017 -0.17797128 -1.95023754  0.0290708   2.09075169
  0.45430617]
Up and back to start.....
[INFO] [1714867420.563871, 102.699000]: ArmController: Trajectory controlling complete
static 7:  [-0.14587314  0.1041857  -0.17193363 -1.86890578  0.0193371   1.97151264
  0.46096142]
[INFO] [1714867427.264060, 104.793000]: ArmController: Trajectory controlling complete
static 8:  [ 0.14737862 -0.02785091  0.17354891 -1.47165929  0.00484856  1.44424577
  1.10687114]
--------------------------------
----------New block-------------
--------------------------------
The adjusted position above this block is: 
 [[ 5.96939609e-01  8.02286173e-01  4.50171477e-06  6.25313699e-01]
 [ 8.02286173e-01 -5.96939609e-01  1.72095220e-05  1.07770638e-01]
 [ 1.64942134e-05 -6.66138185e-06 -1.00000000e+00  2.75000000e-01]
 [ 0.00000000e+00  0.00000000e+00  0.00000000e+00  1.00000000e+00]]
[INFO] [1714867435.009730, 107.174000]: ArmController: Trajectory controlling complete
static 2:  [ 0.10427803  0.26535308  0.0739334  -1.72647104 -0.02120157  1.99105635
  0.03856674]
[INFO] [1714867443.292173, 109.528000]: ArmController: Trajectory controlling complete
static 3:  [ 0.10808087  0.33993058  0.06874197 -1.83101031 -0.0277181   2.17002673
  0.0428193 ]
[INFO] [1714867476.700776, 116.752000]: ArmController: Trajectory controlling complete
static 4:  [ 0.1039142   0.25340801  0.0746539  -1.69154875 -0.02006672  1.9442197
  0.03779643]
Move to target.....
[INFO] [1714867486.820311, 119.177000]: ArmController: Trajectory controlling complete
static 5:  [-0.15133209  0.08334736 -0.16777278 -1.63942903  0.0140735   1.72161029
  0.46474987]
down.....
[INFO] [1714867497.656224, 121.570000]: ArmController: Trajectory controlling complete
static 6:  [-0.14587314  0.1041857  -0.17193363 -1.86890578  0.0193371   1.97151264
  0.46096142]
Up and back to start.....
[INFO] [1714867524.860807, 128.946000]: ArmController: Trajectory controlling complete
static 7:  [-0.14925166  0.08384137 -0.16846337 -1.76622065  0.01461438  1.84886597
  0.46425147]
[INFO] [1714867531.223256, 131.042000]: ArmController: Trajectory controlling complete
static 8:  [ 0.14737862 -0.02785091  0.17354891 -1.47165929  0.00484856  1.44424577
  1.10687114]
--------------------------------
----------New block-------------
--------------------------------
The adjusted position above this block is: 
 [[ 3.32918452e-01 -9.42955622e-01  1.17726155e-05  6.22366040e-01]
 [-9.42955622e-01 -3.32918452e-01 -1.33356143e-05  2.43120754e-01]
 [ 1.64942134e-05 -6.66138185e-06 -1.00000000e+00  2.75000000e-01]
 [ 0.00000000e+00  0.00000000e+00  0.00000000e+00  1.00000000e+00]]
[INFO] [1714867539.287383, 133.666000]: ArmController: Trajectory controlling complete
static 2:  [ 0.47313543  0.37655496 -0.12015563 -1.56634654  0.04726296  1.94006366
  2.36105377]
[INFO] [1714867547.618031, 136.350000]: ArmController: Trajectory controlling complete
static 3:  [ 0.52875214  0.4458722  -0.18184375 -1.67631209  0.09120319  2.11391122
  2.33391888]
[INFO] [1714867583.942961, 143.755000]: ArmController: Trajectory controlling complete
static 4:  [ 0.4635868   0.36677295 -0.10974724 -1.52892911  0.04140811  1.8934349
  2.36474791]
Move to target.....
[INFO] [1714867597.115580, 146.804000]: ArmController: Trajectory controlling complete
static 5:  [-0.15391049  0.10565603 -0.16953433 -1.4826362   0.01780826  1.58679949
  0.46259548]
down.....
[INFO] [1714867606.980912, 149.209000]: ArmController: Trajectory controlling complete
static 6:  [-0.14925166  0.08384137 -0.16846337 -1.76622065  0.01461438  1.84886597
  0.46425147]
Up and back to start.....
[INFO] [1714867632.370340, 156.527000]: ArmController: Trajectory controlling complete
static 7:  [-0.15133209  0.08334736 -0.16777278 -1.63942903  0.0140735   1.72161029
  0.46474987]
[INFO] [1714867638.575584, 158.651000]: ArmController: Trajectory controlling complete
static 8:  [ 0.14737862 -0.02785091  0.17354891 -1.47165929  0.00484856  1.44424577
  1.10687114]
--------------/n Static Complete! ------------------/n
[INFO] [1714867682.221691, 171.878000]: ArmController: Trajectory controlling complete
dynamic 1:  [ 0.33816057 -1.45816366 -1.79439962 -1.28800824 -0.16636337  1.65744569
 -0.94700854]
first step complete

[INFO] [1714867703.514167, 178.052000]: Trajectory Server Message: error_code: -5
error_string: "JointTrajectoryActionServer: Exceeded Max Goal Velocity Threshold for panda arm"
[INFO] [1714867705.053055, 178.556000]: ArmController: Trajectory controlling complete
dynamic 2:  [ 0.88958606 -1.59881336 -1.66422115 -0.48825645 -0.29754798  1.42829993
 -0.91764978]
successfully grabbed one block
Number of i: 0
[INFO] [1714867733.688320, 186.775000]: ArmController: Trajectory controlling complete
dynamic 3:  [ 0.8844535  -1.49346762 -1.61317865 -0.48761137 -0.27356506  1.38345539
 -0.80783083]
[INFO] [1714867756.172798, 193.383000]: ArmController: Trajectory controlling complete
dynamic 4:  [-0.16139156  0.15741904 -0.17193565 -1.28280657  0.02707408  1.43802606
  0.45774175]
[INFO] [1714867769.708003, 197.065000]: ArmController: Trajectory controlling complete
dynamic 5:  [-0.15072995  0.08146512 -0.16775464 -1.67994808  0.01384802  1.76025332
  0.46485021]
dynamic 6:  [-0.15286134  0.09604968 -0.16881655 -1.53379286  0.01615111  1.62851015
  0.46355254]
[INFO] [1714867802.938564, 206.337000]: ArmController: Trajectory controlling complete
[INFO] [1714867845.085802, 218.506000]: ArmController: Trajectory controlling complete
dynamic 1:  [ 0.33816057 -1.45816366 -1.79439962 -1.28800824 -0.16636337  1.65744569
 -0.94700854]
first step complete

[INFO] [1714867868.650363, 225.353000]: Trajectory Server Message: error_code: -5
error_string: "JointTrajectoryActionServer: Exceeded Max Goal Velocity Threshold for panda arm"
[INFO] [1714867870.264332, 225.858000]: ArmController: Trajectory controlling complete
dynamic 2:  [ 0.88958606 -1.59881336 -1.66422115 -0.48825645 -0.29754798  1.42829993
 -0.91764978]
successfully grabbed one block
Number of i: 1
[INFO] [1714867918.436300, 237.589000]: ArmController: Trajectory controlling complete
dynamic 3:  [ 0.8844535  -1.49346762 -1.61317865 -0.48761137 -0.27356506  1.38345539
 -0.80783083]
[INFO] [1714867941.371234, 244.837000]: ArmController: Trajectory controlling complete
dynamic 4:  [-0.1755036   0.21926909 -0.17017414 -1.10162776  0.03806357  1.31815609
  0.45324499]
[INFO] [1714867954.442861, 248.803000]: ArmController: Trajectory controlling complete
dynamic 5:  [-0.15210763  0.08906808 -0.16824042 -1.58117999  0.0149777   1.66901774
  0.46423611]
dynamic 6:  [-0.15585236  0.12198691 -0.17064338 -1.4094504   0.02069359  1.52972533
  0.46099667]
[INFO] [1714867988.459938, 259.073000]: ArmController: Trajectory controlling complete
[INFO] [1714868028.376551, 271.117000]: ArmController: Trajectory controlling complete
dynamic 1:  [ 0.33816057 -1.45816366 -1.79439962 -1.28800824 -0.16636337  1.65744569
 -0.94700854]
first step complete

[INFO] [1714868053.899453, 277.798000]: ArmController: Trajectory controlling complete
dynamic 2:  [ 0.88958606 -1.59881336 -1.66422115 -0.48825645 -0.29754798  1.42829993
 -0.91764978]
successfully grabbed one block
Number of i: 2
[INFO] [1714868082.650762, 285.212000]: ArmController: Trajectory controlling complete
dynamic 3:  [ 0.8844535  -1.49346762 -1.61317865 -0.48761137 -0.27356506  1.38345539
 -0.80783083]
[INFO] [1714868109.717217, 293.268000]: ArmController: Trajectory controlling complete
dynamic 4:  [-0.20388366  0.30655871 -0.15769194 -0.8767711   0.05127268  1.18117942
  0.45060058]
[INFO] [1714868124.908039, 297.999000]: ArmController: Trajectory controlling complete
dynamic 5:  [-0.15427699  0.10909188 -0.16981461 -1.46534404  0.01841157  1.57291164
  0.46225849]
dynamic 6:  [-0.16278321  0.16482055 -0.17200638 -1.25930368  0.02841236  1.42183069
  0.45711361]
[INFO] [1714868162.622632, 308.969000]: ArmController: Trajectory controlling complete
[INFO] [1714868203.222753, 321.638000]: ArmController: Trajectory controlling complete
dynamic 1:  [ 0.33816057 -1.45816366 -1.79439962 -1.28800824 -0.16636337  1.65744569
 -0.94700854]
first step complete

[INFO] [1714868226.087226, 328.435000]: ArmController: Trajectory controlling complete
dynamic 2:  [ 0.88958606 -1.59881336 -1.66422115 -0.48825645 -0.29754798  1.42829993
 -0.91764978]
successfully grabbed one block
Number of i: 3
[INFO] [1714868260.476989, 337.632000]: ArmController: Trajectory controlling complete
dynamic 3:  [ 0.8844535  -1.49346762 -1.61317865 -0.48761137 -0.27356506  1.38345539
 -0.80783083]
[INFO] [1714868286.958039, 345.774000]: ArmController: Trajectory controlling complete
dynamic 4:  [-0.24007309  0.39258398 -0.13037131 -0.65585129  0.05751954  1.04986265
  0.45360798]
[INFO] [1714868306.995496, 351.869000]: ArmController: Trajectory controlling complete
dynamic 5:  [-0.15907624  0.14400225 -0.17162702 -1.32756129  0.02464809  1.46954221
  0.45892983]
dynamic 6:  [-0.17857268  0.23026494 -0.16927532 -1.07207798  0.0399291   1.29957123
  0.45264848]
[INFO] [1714868348.766522, 364.245000]: ArmController: Trajectory controlling complete
End Loop
